Abce1	3.047899	3.331637	3.27477	3.58713	3.342784
Abl1	4.718893	4.309081	4.355148	4.322999	4.438663
Actb	12.963538	12.875986	13.76961	13.67805	11.960117
Actc1	4.965571	4.986558	5.07219	4.974158	5.249687
Actg1	9.885854	10.219011	11.956846	12.149108	10.82758
Adsl	5.648307	5.866422	6.133623	6.367461	5.37669
Adss	7.908373	7.99281	8.130735	8.06431	6.791018
Aff1	3.757879	3.638581	3.679519	3.754317	3.498678
Akt1	4.40145	4.281279	4.366753	4.073699	4.410566
Aldh1a2	4.250838	4.080298	4.103007	3.87459	4.582734
Alk	3.950434	3.734361	3.73508	3.614602	4.147638
Angpt1	3.193053	3.150376	2.940962	2.853135	3.306074
Apbb1	5.119731	5.189962	5.170699	4.796488	5.640174
Apbb1ip	3.6093	3.449245	3.775766	3.628079	3.940294
Apc	4.681576	4.548641	4.341724	4.748167	4.182429
Apex1	8.040067	8.061518	8.198239	8.30213	8.248317
Ar	4.959869	5.097728	4.321871	4.660959	4.035056
Araf	3.432245	3.460978	3.397585	3.43789	3.644938
Arf6	3.0463	3.208255	3.326813	3.223281	3.162399
Arhgef6	2.985598	3.019803	3.012389	3.010806	3.449083
Atf7ip	2.876589	2.79037	2.789272	2.726497	2.711727
Atic	5.093106	5.272973	5.255224	5.275139	5.117552
Atp5b	11.989524	12.497982	11.769062	12.148181	10.236428
Atrx	3.789223	4.001929	3.868211	3.890643	4.09829
Azi2	6.697684	6.402801	6.298526	6.20911	6.705682
B2m	10.821187	12.253313	11.689422	13.003308	10.271618
Bach1	6.89211	6.714004	7.652387	7.563263	6.147074
Bag4	6.669479	6.934192	6.181057	6.032915	5.843563
Bahd1	5.753068	5.840405	6.082188	6.034677	5.930362
Bard1	3.074268	3.024325	3.022569	3.035403	3.271331
Bat4	6.468613	6.527739	6.159814	6.37415	5.719628
Bax	6.410527	6.319569	7.150572	7.631579	6.095146
BC006779	6.899187	6.91697	7.979895	7.863485	7.426149
Bcap31	10.004375	9.652897	9.637215	9.50983	9.060419
Bcar1	5.436416	5.618007	5.230829	5.379258	5.166706
Bcar3	5.157273	4.922491	4.976227	4.6935	5.146158
Bcl2	5.124023	5.258401	5.588745	5.634822	5.688597
Bcl2l11	3.826077	3.4768	3.510121	3.497308	3.703482
Bcl6	5.099292	5.743246	4.779775	4.997776	5.151894
Bcr	6.249397	6.29618	6.125878	5.958054	6.2012
Blnk	5.181449	5.911186	6.751695	6.784734	7.143815
Bop1	4.089991	3.992878	3.776903	3.88413	4.420865
Braf	4.319057	4.624062	4.13596	4.656658	4.648099
Brca1	3.825981	3.872511	4.337923	4.192594	3.691811
Brd4	4.362454	5.311603	4.56908	5.438741	4.961417
Btg2	5.247175	5.611825	7.352013	7.257156	6.685121
Bysl	4.971679	4.971915	5.463014	5.037587	4.791951
Cacybp	8.133472	7.986818	8.923849	8.639217	7.945047
Calm1	9.968303	9.844536	10.773458	10.970139	9.775449
Calm2	11.49249	11.234273	11.655342	11.61295	10.703671
Calm4	4.466918	4.254324	4.059769	4.041663	4.291109
Calml3	3.398709	3.404504	3.347069	3.368454	3.402444
Calr	11.34161	11.483282	12.028633	11.867591	10.096289
Camk2b	4.619173	4.348833	4.326804	4.138961	4.528573
Camk2d	3.127947	3.138255	3.190631	3.030125	3.266111
Camk2g	5.734934	5.755889	5.617037	5.80162	6.267463
Canx	7.065843	7.104767	7.087918	7.050069	6.801899
Card11	3.808289	3.720848	3.961928	3.981074	4.020064
Carm1	2.984959	2.818707	2.914396	2.838603	3.161987
Cask	3.561893	3.814102	3.584279	3.95629	3.197556
Cbl	5.200253	5.088924	6.731283	7.224527	5.680344
Cbx1	3.423725	3.343376	3.298006	3.200559	3.467469
Ccnd1	8.064227	7.85331	8.644509	9.166774	7.516798
Ccne1	5.530084	5.798758	5.764043	5.910775	6.275995
Ccng1	5.672154	6.055216	6.665292	7.066234	5.232364
Cct2	9.834408	9.640957	10.209708	10.145667	9.198267
Cct3	8.799371	8.65776	9.401016	9.248385	8.532705
Cct5	9.449228	9.379481	9.826486	10.053089	8.755422
Cct7	7.219936	7.55878	7.84038	8.301018	6.336501
Cct8	2.767631	2.590336	2.631128	2.678256	2.723242
Cd22	4.228255	4.224261	4.324158	4.279965	4.206873
Cd274	4.972841	4.510607	7.329619	8.12452	7.030415
Cd28	3.864008	3.555563	4.09478	4.322378	4.713352
Cd34	3.250857	3.435432	3.504739	3.874868	4.061476
Cd3d	5.116703	5.068758	6.359886	6.787353	6.079779
Cd3e	4.170675	4.106408	3.901766	3.753024	4.402879
Cd3g	3.716201	3.647582	5.279453	6.072513	4.908462
Cd4	4.416817	4.253102	4.290164	4.252848	4.233168
Cd44	3.688406	3.821131	6.32756	7.436593	4.131367
Cd5	3.769544	3.632511	4.094703	4.676213	4.243926
Cd69	3.229964	3.222623	3.737191	3.594066	3.680414
Cd8a	3.720522	3.614292	4.01703	3.920976	4.145312
Cd8b1	7.031407	7.1383	7.470651	7.278972	7.000784
Cdc42	10.270187	10.439627	10.8976	11.031892	10.459147
Cdh1	7.570512	7.677751	7.571009	7.535185	6.482005
Cdh2	8.27584	8.237798	7.873394	8.018503	6.647479
Cdk2	2.71173	2.599064	2.618555	2.552158	2.621414
Cdk4	6.510726	6.522913	7.041809	7.344994	6.722798
Cdkn1a	3.749519	3.601101	3.610055	3.386198	3.678844
Cdkn2a	3.925719	3.676023	3.653783	3.497284	3.890293
Cdkn2b	4.469373	4.440046	4.384935	4.399881	4.869441
Cga	3.508593	3.496405	3.39654	3.514081	3.531806
Chd1l	6.178618	6.044157	6.350609	6.565898	6.126346
Chd9	4.922483	5.404338	4.853026	4.988553	4.956881
Chuk	7.521911	7.968939	7.03963	7.371852	5.031475
Cirh1a	7.548804	7.422618	7.700269	7.691835	7.338142
Coil	4.41794	4.500482	4.3087	5.053538	4.289306
Cops2	6.085877	6.08503	6.295378	6.407939	5.2306
Cops5	8.361134	8.794768	8.590036	8.631314	7.299935
Crebbp	6.382373	5.863262	6.105001	6.34808	4.898243
Crk	4.264448	4.234499	4.103899	4.123766	4.034233
Crkl	8.227448	8.12491	8.21994	8.480401	6.969092
Cse1l	7.518713	7.557142	7.802221	7.801861	6.902485
Csnk2b	9.461737	9.55152	9.449468	9.911787	8.335481
Ctnna1	9.295248	9.443341	9.599771	9.708635	8.994929
Ctnna2	3.001998	3.00232	2.807492	2.745647	3.027768
Ctnna3	3.832116	3.821204	3.789631	3.678912	4.36125
Ctnnb1	8.44599	8.962814	9.557545	9.962386	7.489448
Ctsg	4.714662	4.522957	4.359515	4.351389	4.994792
Cyp26a1	7.028693	6.905752	6.842378	7.024634	7.049296
Dach1	4.002708	3.825125	3.743425	3.590363	4.66817
Dars	8.992726	8.840333	8.946435	8.795766	7.724636
Daxx	6.53571	6.704871	7.280066	7.482083	6.732253
Dbnl	5.895031	5.998543	7.276587	7.173704	6.434081
Dcc	2.848678	2.840915	2.768218	2.732854	2.917994
Ddx1	4.483649	4.324716	4.454081	4.472535	4.450823
Dek	9.509895	9.365115	10.020195	9.902386	9.468546
Dgcr8	6.17441	6.157305	6.10016	6.213396	6.40633
Dnajb7	3.195705	3.343074	3.267266	3.270849	3.227671
Dnmt1	4.219906	4.058286	5.112504	4.972793	5.269356
Dnmt3a	5.63553	5.284559	5.637551	5.376524	5.248354
Dnmt3b	4.383584	4.141117	4.144833	3.910402	4.400834
Dpep1	4.448865	4.775215	4.270773	4.038674	4.636715
Dusp8	3.36166	3.340483	3.152672	3.134219	3.308917
E2f1	4.548996	4.331715	4.431906	4.128417	4.831134
E2f5	6.05294	6.283576	5.930558	6.152158	5.902147
Ect2	4.025198	4.39718	5.164614	5.695024	4.88683
Eef1a1	12.856734	12.860763	13.004583	13.12504	11.009628
Eef1e1	7.012524	7.090034	7.594072	7.565229	6.31492
Egf	3.610433	4.805708	3.443286	3.286049	3.831284
Egfr	8.620495	8.574507	8.577533	8.665	7.55135
Eif1a	7.503293	7.043626	8.444063	8.562947	8.023442
Eif2s1	8.232673	8.094317	8.926136	8.82611	8.174945
Elp3	4.997654	4.88767	4.730189	4.701014	5.140287
Emd	6.734177	6.66969	6.826786	6.967544	6.879862
Enah	3.119146	2.870385	2.900601	2.811399	2.941184
Ep300	7.36704	7.362403	7.706755	7.639529	7.437994
Epha6	2.795102	2.626607	2.75615	2.695529	2.957079
Ephb2	6.056674	5.948369	5.694524	5.364455	6.094746
Ephb3	4.28278	4.4366	4.159995	4.018883	4.216175
Eprs	7.087898	7.398631	7.39941	7.70312	5.980715
Erbb2	4.438289	4.245247	4.489827	4.055171	4.786853
Ercc1	4.70543	4.493305	4.41811	4.302407	4.562875
Erh	3.951639	3.892803	4.130173	3.970123	4.339262
Esrrg	3.270799	3.883753	3.114786	3.358189	3.243887
Etf1	7.402942	7.345592	7.744163	8.235747	5.918646
Etv6	4.055704	3.868725	3.925512	3.76347	4.343627
Exoc8	5.617414	5.948999	6.004837	6.132464	5.572637
Exosc2	3.662347	3.548864	3.402095	3.34687	3.893999
F11r	5.409095	5.3266	5.294284	5.120763	5.34841
Fancc	5.239742	5.145372	5.017756	5.111058	5.406833
Fbxw7	5.546322	5.539482	5.740498	5.928368	5.384468
Fcer1a	3.24961	3.116066	3.007595	3.011856	3.360423
Fcer1g	6.106531	6.413924	9.370842	9.420206	8.752231
Fcgr1	5.245832	4.976807	5.773355	5.603372	5.617014
Fes	5.557886	5.407652	5.875809	5.873283	5.966019
Fgf4	5.241993	4.878532	4.838484	4.645893	5.35494
Fgfr1	3.850125	3.97333	3.806923	3.735094	4.320683
Fgfr3	4.40351	4.350968	4.193695	4.102841	4.21058
Fgr	5.160869	4.950455	6.998252	6.765919	6.775404
Flna	4.51225	4.614249	6.298768	6.738239	5.163054
Flt3	6.884337	6.87679	6.771831	6.773509	7.063572
Fos	5.07922	5.088368	7.611904	7.668592	6.115665
Foxo1	3.520225	3.557612	3.293119	3.445183	3.580547
Foxo3	4.198011	4.529291	3.912366	4.137927	4.502294
Ftsj3	5.942879	6.307427	6.401611	6.86616	5.492566
Fyb	6.041698	5.840356	8.436543	8.554817	8.216267
Fyn	6.253698	5.917195	7.879719	7.793835	7.026444
Gab1	4.323562	4.320606	3.99444	4.246291	4.191004
Gab2	6.439877	6.222227	6.113252	5.980695	6.560925
Gars	7.796462	7.425003	8.156615	8.442822	7.364661
Gas1	4.110616	3.939639	3.763921	3.502348	4.332059
Gnai1	3.823955	4.493527	3.76776	4.241789	4.016112
Gnai2	9.164165	9.003252	9.964831	9.737935	9.804805
Gnai3	6.070338	6.11343	6.226137	6.078396	5.755104
Gnb2l1	10.8343	10.837791	11.562907	11.6369	9.648865
Gnl3	7.842184	7.637624	8.222635	7.833525	7.87822
Golga5	7.397611	7.230601	7.67495	7.875823	6.844767
Gp6	4.544497	4.407531	4.574786	4.540737	4.624533
Gps2	5.336518	5.460176	5.505241	5.524839	5.672053
Grap2	3.704757	3.660205	3.583408	3.60011	3.683349
Grb2	6.758413	7.060182	8.462579	8.3517	7.470425
Grem1	4.290017	4.30485	4.253547	4.22945	4.526203
Grin1	3.72186	3.69764	3.657928	3.617524	4.185595
Gsn	3.204065	3.099935	3.40842	3.317972	3.255398
Gtf2e2	5.979553	6.304893	6.583148	6.874041	5.926727
Gtpbp3	4.418485	4.573775	4.619247	4.705033	4.614169
Gtpbp4	6.896846	7.18936	7.106168	7.550887	6.367375
Guk1	6.7033	6.719434	6.711353	6.837064	6.063772
H2-K1	9.2633	10.785981	10.910805	10.841131	9.913075
H2-M10.1	6.383623	6.620763	6.476347	6.633442	6.716629
H2-M3	6.087923	6.289395	8.211986	8.584422	7.759458
H2-M9	3.651798	3.798279	3.876757	3.647293	3.784928
H2-Q1	6.306179	6.85028	7.528034	8.309185	7.365527
H2-Q10	11.361898	11.323461	10.936426	10.99569	10.1749
H2-Q8	5.236476	5.595302	6.068365	6.299913	6.13319
H2-T10	7.147044	7.421041	7.158349	7.134768	8.01347
H2-T23	9.651575	10.30094	11.313982	11.324393	10.166849
H2-T24	3.890275	3.977007	4.258322	4.147628	4.089178
H2afz	7.197115	7.128121	8.067435	8.216803	7.394021
Hcfc1	4.298022	4.461599	4.543086	4.713403	4.545798
Hcls1	4.305276	4.537429	6.515203	7.269835	5.285388
Hdac1	7.004765	7.117434	7.530602	7.917609	7.087204
Hdac2	4.742567	5.254874	5.794936	5.422884	4.851045
Hdac3	7.591234	7.463056	7.399883	7.52268	6.44941
Hdac5	6.291368	6.271994	5.675617	5.836708	5.713914
Hdac9	3.263977	3.117021	4.618915	4.19771	4.090572
Hmgb1	9.863568	10.087978	9.81518	9.766461	8.855207
Hmmr	3.862638	4.024321	4.394451	4.69554	4.298033
Hoxa1	3.590232	3.414684	3.593081	3.559874	3.857594
Hoxa10	3.013819	3.290199	2.796142	2.846687	3.115706
Hras1	6.149056	6.056475	6.077043	6.016394	5.938016
Hrasls	3.459929	3.463859	3.308497	3.262488	3.898738
Hspd1	11.210513	11.310895	11.087298	11.214528	10.226577
Hspe1	10.921765	10.98024	10.935767	10.870065	9.453597
Iars	5.933335	6.287112	6.453548	7.005522	6.062483
Idh1	11.459226	11.278619	10.529389	10.723572	9.669487
Igf1r	3.608733	3.556043	3.536205	3.295346	3.631389
Igf2	5.535786	5.830148	5.370459	5.101608	6.002591
Ighmbp2	5.017977	5.252035	4.823807	4.988744	5.370901
Il2	3.319985	3.243615	3.15577	3.125961	3.667696
Il9	5.688769	5.372461	5.370629	4.971399	5.83743
Imp3	7.837813	7.957007	7.730194	8.218489	6.679681
Imp4	4.532277	4.590975	4.43525	4.620782	4.433578
Impdh2	7.659415	7.567706	8.063914	8.245627	7.198563
Ins2	5.627051	5.608276	5.513463	5.38681	5.509188
Iqgap1	3.601597	3.520625	3.499291	3.469656	3.978076
Irs1	7.601042	7.338765	7.241082	7.663322	6.628071
Irs2	5.47628	5.383689	5.604362	5.418055	5.648096
Itga2	3.477641	3.48127	3.488714	3.478235	3.784372
Itga2b	6.018402	5.911034	5.844717	5.813819	5.896539
Itga4	3.689363	3.726243	3.717707	4.031281	3.981167
Itgal	4.918106	4.827389	6.263993	6.727424	5.698456
Itgam	3.662432	3.537246	4.106069	4.470067	3.819746
Itgb1	8.977363	9.094427	9.506681	9.75787	7.84537
Itgb2	5.521611	5.67107	9.528265	9.781635	8.517835
Itgb2l	5.061435	5.084366	4.971754	4.707514	5.072426
Itk	2.720429	2.681686	2.748833	2.647312	2.717928
Jak2	6.978699	7.194526	7.895998	7.607592	8.229362
Jak3	4.250607	4.182208	4.079651	3.830705	4.121975
Jam2	4.712828	5.085122	5.96732	6.091069	5.513352
Jam3	4.12571	3.972082	3.99296	3.92213	4.488247
Jun	5.572135	5.781187	7.308073	6.92787	6.657331
Junb	6.341145	6.248067	7.631313	8.280501	5.853779
Kars	6.933795	6.890888	7.664401	7.889634	6.059346
Kit	3.911588	3.692111	3.661843	3.614152	4.149636
Kpna2	8.640224	8.363864	9.150471	9.334761	8.590871
Kras	7.456091	7.239441	8.516107	8.708031	7.652171
Lars	6.964366	6.887053	7.401085	7.72503	6.709134
Lat	5.741638	5.60467	5.955722	6.352411	5.808313
Lat2	4.329736	4.311352	4.5325	4.495792	4.462992
Lats2	5.038894	5.154607	5.325545	5.002723	5.166171
Lck	6.197873	6.08189	6.1479	6.16328	6.300553
Lcp2	4.57976	4.485146	4.9802	5.323034	5.319995
Lmo7	4.12182	4.157198	4.135185	3.946834	4.129131
Lphn3	3.625423	3.492614	3.338494	3.195663	3.649292
Lrp2	3.678142	3.610098	3.347976	3.442696	3.806045
Lrpap1	5.634149	5.517902	5.352859	5.337512	5.310219
Lyn	7.619201	7.567459	9.041185	9.330536	8.107975
Magoh	7.931935	7.95951	8.407289	8.644232	6.894461
Map2k1	7.883206	7.972356	8.218475	8.181061	7.341226
Map2k2	7.692145	7.517223	7.457397	7.259659	7.925151
Map3k1	3.614575	4.055663	3.961474	4.285068	4.074204
Map3k3	4.869196	4.786963	4.831793	4.547814	5.07452
Map3k7ip2	6.99092	7.199694	7.481468	8.049496	6.306639
Map4k1	3.806927	3.710104	3.999296	4.254952	4.044771
Mapk1	8.019632	7.663915	7.637507	7.539914	6.908468
Mapk10	3.08488	3.085543	2.918377	2.801562	2.9865
Mapk11	4.113442	3.902497	3.973307	3.830927	4.216925
Mapk12	4.762778	4.816709	4.682304	4.764545	4.902519
Mapk13	4.38133	4.275226	4.155035	4.254085	4.467418
Mapk14	4.695105	4.814666	4.527344	4.579205	4.73974
Mapk3	7.113092	7.390749	7.364189	7.546266	6.937061
Mapk8	3.598902	3.817852	3.613627	3.525869	3.405213
Mapk9	5.710658	5.557934	5.480875	5.658857	5.239546
Mars	7.288481	7.205799	7.071068	7.402466	6.221778
Marveld2	5.703636	5.796032	5.888748	5.798044	5.141268
Matr3	4.327582	4.850988	4.605843	5.168202	4.149093
Max	4.037653	3.801586	3.889369	3.714324	3.700139
Mbd1	2.864188	2.778152	2.956389	3.639449	2.830519
Mbd3	5.249791	5.318295	5.483897	5.570705	4.624009
Mcm4	3.980429	4.551009	6.622986	6.656146	6.458958
Mcm7	6.500566	6.584329	8.182086	8.401618	7.665945
Mdk	4.525039	4.68262	4.520885	4.361577	4.642198
Mdm2	3.484042	3.344252	3.201648	3.123648	3.615586
Mecp2	5.437523	5.68748	5.478758	5.373664	5.347768
Men1	7.62623	7.417145	7.182295	6.829336	7.221281
Met	5.726068	6.166401	5.226861	6.267252	4.147076
Mettl1	4.027327	4.029941	4.039757	4.117332	3.854323
Mgmt	6.021417	6.117111	5.790805	5.96203	5.864528
Mlf1	3.137466	3.011672	3.061438	2.97835	3.170996
Mlh1	4.967642	4.933452	5.05332	4.950852	4.79885
Mllt1	6.104457	6.09901	5.928025	5.965696	6.117163
Mllt4	7.225012	7.178067	7.530597	7.330901	7.23026
Mos	3.93999	3.766616	3.809068	3.694637	3.921142
Mphosph10	4.006025	3.870527	3.740776	3.831778	4.069882
Mpp6	8.59505	8.463969	8.353682	8.488723	7.568828
Mpzl1	5.100675	5.245179	5.485232	5.684266	5.570225
Mras	4.515888	4.510894	4.398521	4.295295	4.866335
Mrpl23	8.491046	8.522684	8.459615	8.775594	7.379523
Mrpl3	4.061738	3.975971	4.005447	3.943133	4.153954
Mta1	3.944764	3.865083	3.97433	3.560676	4.134114
Mtvr2	6.078945	6.40829	6.649452	7.299199	6.240542
Mxd1	4.967951	4.962155	5.257902	5.296132	4.772229
Myb	2.799962	2.696515	2.818285	2.809962	3.014046
Mybbp1a	7.534646	7.257644	7.765757	7.760744	7.529667
Myc	4.984469	5.375428	5.856744	6.551521	5.214333
Mycn	5.930461	6.248091	5.957055	6.110509	6.013546
Myo15	4.962325	4.778204	4.702231	4.520247	5.02027
Myod1	2.704155	2.676211	2.542907	2.632925	2.853117
Naca	11.175874	11.186488	11.46099	11.437966	10.219227
Nanog	2.900736	2.87742	3.029301	2.753674	3.040835
Nap1l1	7.357104	7.52011	8.195524	8.134552	7.312003
Nars	10.317143	10.185896	10.391354	10.295615	9.909992
Nbn	6.607515	6.552024	6.694678	6.323997	5.916872
Ncam1	3.235208	3.449285	3.388319	3.437834	3.473507
Nck1	3.367135	3.455994	3.282575	3.395046	3.365357
Nck2	2.942515	2.973635	2.981529	3.13112	3.154185
Ncl	5.206126	5.077861	5.268741	5.223082	4.920982
Ncoa1	2.757405	2.836418	2.864506	2.788599	2.894467
Ncoa2	5.336279	5.382975	5.107924	5.198401	5.179028
Ncoa3	3.751282	3.735725	3.711497	3.762721	4.040009
Ncoa4	9.289168	9.619671	9.824384	10.139159	7.283595
Ncoa6	6.832343	6.992669	6.992389	7.199421	6.778058
Ncor1	3.011832	3.111544	2.819256	3.066437	3.001279
Ncor2	5.262784	5.083106	4.922599	4.870619	4.947293
Ncr1	3.843209	4.093435	4.016352	3.864441	4.112492
Net1	5.071539	5.034758	5.37438	6.137995	4.241871
Nf1	3.153419	3.026774	3.212593	3.041771	3.186232
Nmd3	6.597906	6.776672	6.7527	6.882293	5.471868
Noc4l	5.397516	5.156079	5.880263	5.914459	5.697233
Nol10	4.436851	4.171777	4.690557	4.510458	4.376069
Nolc1	4.96787	4.843251	5.175223	5.116724	4.85068
Nos1	3.595791	3.350302	3.436526	3.286724	3.355342
Npm1	8.654132	8.813677	9.417352	9.47828	7.665494
Npm3	5.174486	4.92277	5.161368	4.629906	4.680889
Nr0b2	7.812205	7.615528	7.273468	7.186044	6.818828
Nr1h2	6.9405	6.965235	7.048026	7.177104	6.674634
Nr1h3	7.09123	7.087163	7.888643	7.949109	6.285417
Nr1h4	9.04342	9.408444	8.593349	8.314869	7.957272
Nr1i3	4.007595	4.206499	4.186481	4.141478	4.232611
Nr2c1	3.631106	3.40694	3.503109	3.388344	3.382976
Nr3c1	8.417957	8.643776	8.055525	8.35752	6.831619
Nr6a1	3.588591	3.488927	3.28447	3.287567	3.556429
Nras	6.262583	6.069376	7.188814	7.414125	5.900021
Nrip1	5.893755	6.212342	5.977197	6.775465	6.573638
Nsun2	7.872611	8.121768	8.062781	8.244837	7.014894
Ntrk1	3.80378	3.690079	3.700615	3.526566	3.824314
Numa1	3.908007	3.980022	3.862352	3.858971	4.150357
Nup88	3.424022	3.438841	3.232082	3.3756	3.505112
Nup98	3.013955	3.129408	3.063882	3.880001	2.904396
P2ry12	4.000065	3.853716	4.869765	5.180128	4.806674
P4hb	3.661778	3.859708	3.901709	4.260545	3.847259
Pa2g4	4.748917	4.496121	4.400841	4.159309	4.76083
Pag1	3.195319	3.194587	3.115164	3.177594	3.48828
Pak1	3.844519	3.470635	3.482409	3.281867	3.72111
Pak2	6.109833	6.108836	6.766546	6.926722	6.310676
Pak4	7.043388	6.87586	6.969141	6.676824	6.869013
Pard6a	4.672791	4.391698	4.64135	4.495957	4.115953
Parp2	6.596918	6.562992	6.897097	6.701661	6.852271
Pax8	3.794751	3.897763	3.703125	3.582407	4.345605
Pcna	2.631766	2.586477	2.670147	2.655753	2.555968
Pcp4	4.04519	3.962645	3.946343	3.813297	3.902144
Pdcd2	7.476586	7.465898	7.183513	7.08122	6.36431
Pdgfb	4.813351	4.906772	5.466523	5.705085	5.077951
Pdgfra	3.114708	2.972123	3.126294	3.135044	3.016654
Pdgfrb	3.64922	3.94418	4.399656	4.92279	4.945725
Pdia3	5.885187	5.869687	5.866696	5.662868	5.818878
Pdia5	9.232214	9.216375	9.470974	9.37662	7.969794
Pes1	3.568134	3.610343	3.816629	3.706444	3.658858
Pfn1	9.076505	8.998669	9.954307	10.327109	6.844908
Pfn2	5.952691	5.628971	5.65043	5.580549	5.449855
Pgr	3.575971	3.495643	3.515545	3.278213	4.081715
Pik3ca	7.067362	6.873465	6.875964	6.222983	6.883368
Pik3cb	4.730001	4.760173	4.895069	4.849203	4.779762
Pik3cd	3.29075	3.134982	3.00934	2.992423	3.677015
Pik3cg	3.128327	3.061206	3.255733	3.180739	3.407048
Pik3r1	6.338399	6.832113	6.317745	7.551376	5.904392
Pik3r2	6.565371	6.199132	6.161748	6.14399	6.44844
Pik3r3	3.911113	3.867336	3.729028	3.734597	4.049016
Pik3r5	4.095671	3.784653	5.258802	5.384656	5.412278
Plce1	5.531437	5.479865	5.580071	5.772129	5.429841
Plcg1	4.646866	4.264064	4.366696	4.001593	4.681281
Plcg2	6.251462	6.239164	7.004217	6.882592	7.383723
Pld1	5.757486	5.729081	6.300567	6.373896	6.231759
Pld2	5.542222	5.412724	5.733109	5.506611	5.577398
Plek	3.955995	4.512114	8.291764	8.860936	6.628226
Pml	3.355804	3.315837	3.838253	3.746646	3.689252
Polr2e	3.534661	3.357578	3.232821	3.252203	3.304162
Pou5f1	3.788904	3.893103	3.879214	3.746048	4.047619
Ppara	10.947252	10.99863	10.088644	10.430795	7.492672
Pparg	5.63705	5.619558	6.284102	6.196764	5.293013
Ppp2r1a	10.149342	9.804409	10.259919	10.06035	9.757538
Ppp2r1b	6.867434	6.607879	7.085113	7.04192	6.806333
Ppt2	8.895266	8.537897	8.763546	8.733957	8.695935
Pram1	4.963005	4.665854	5.09288	4.796484	4.96266
Prdm16	3.916897	3.525193	3.562078	3.356095	3.704641
Preb	8.189018	7.684262	8.614022	7.902683	8.773682
Prkaca	7.368117	7.454268	6.967515	7.596634	6.5274
Prkacb	3.005985	3.089213	2.88542	2.79072	3.092496
Prkca	4.427731	4.395767	4.483063	4.454374	5.000598
Prkcc	3.977108	3.944337	3.997643	3.96085	4.309717
Prkce	6.45114	6.326772	6.380006	6.104798	6.256713
Prkx	5.213226	4.932683	5.595716	5.293606	5.240215
Psma2	9.634477	9.696229	10.191263	10.375924	8.714422
Psma4	11.025788	10.658591	11.025921	10.907775	9.234694
Psma7	9.667751	9.576463	10.090081	10.503976	8.281683
Psmb8	3.513204	3.496436	4.423831	4.197139	4.012547
Psmb9	7.156808	7.795301	10.231793	10.278138	8.945777
Psmc6	9.40171	9.359843	9.696111	9.58348	8.413881
Psmd12	9.057945	9.075775	9.238995	9.391095	8.034828
Psmd6	9.569637	9.386147	9.691844	9.627801	8.712128
Psmd9	2.868662	3.126359	2.887079	2.928381	3.072487
Pten	7.238725	6.934457	6.169422	6.582861	5.28003
Ptges3	10.123729	9.437287	9.758124	9.986689	7.176591
Pth	3.230023	3.170078	3.119581	2.947767	3.203939
Ptk2	3.816216	3.872947	3.808949	3.714355	4.04859
Ptpn11	8.233668	8.067193	8.500222	8.459428	7.655121
Ptpn6	6.152517	6.543021	8.352585	8.739602	7.26719
Ptpra	5.365054	5.210158	5.310785	4.964458	5.436431
Ptprc	3.110697	2.998089	3.635787	3.801554	3.380856
Ptprf	10.089382	9.962933	9.645416	9.406028	8.913976
Pvr	5.888486	5.722454	6.131984	6.054212	6.014512
Pvrl1	3.796762	3.586534	3.437506	3.472346	3.456787
Pvrl2	3.870538	3.702035	3.613966	3.449426	4.001877
Pvrl3	9.246623	8.797793	8.485887	8.077863	7.027123
Pvrl4	3.398633	3.24106	3.151833	3.340852	3.480514
Qars	9.042315	8.77232	9.282559	9.106002	8.927778
Qprt	6.871951	7.163169	6.561268	6.561345	6.252662
Rac1	10.514695	10.622294	10.855582	10.800406	9.338081
Raf1	7.758197	7.954145	7.804427	8.241315	6.64592
Rag2	5.503926	5.405116	5.102283	4.993658	5.67721
Rala	3.645759	3.499065	3.37096	3.28873	3.606373
Ralb	5.807427	6.028623	6.67413	7.425353	6.266254
Ralbp1	7.135129	7.027388	7.269465	7.061146	7.130712
Ralgds	5.481904	5.445372	6.407084	6.997117	6.246249
Ran	6.278109	6.349013	6.938576	7.206453	6.471935
Ranbp1	8.981025	8.98017	9.708303	9.989021	8.458532
Rap1a	5.989388	5.786642	6.479905	6.291235	6.370925
Rap1b	6.828611	6.824423	7.940262	8.032082	7.197776
Rap2a	6.545337	6.630379	6.472832	6.481852	6.569376
Rapgef1	3.577204	3.526483	3.520901	3.472738	3.845573
Rapgef2	3.745566	4.132245	4.277187	4.667545	4.59672
Rapgef3	3.189161	3.094494	3.200616	2.995499	3.09187
Rapgef4	3.331985	3.057048	3.152864	3.059745	3.495054
Rapgef6	4.12146	4.227242	4.313873	4.847776	3.671808
Rara	4.861807	4.883832	4.657455	4.704219	4.477918
Rarb	4.848408	5.153228	4.737524	5.345479	4.64109
Rarg	5.262068	5.071079	4.992672	4.932933	5.356755
Rars	7.585903	7.580605	8.368586	8.471989	7.615701
Rasa1	4.11884	4.307198	4.335981	4.599933	3.999018
Rasa2	3.499477	3.296859	3.323205	3.214557	3.370949
Rasgrf1	3.891906	3.824897	3.789926	3.671455	3.861441
Rasgrf2	3.638129	3.752112	3.566786	3.48003	4.155997
Rasgrp1	2.940389	2.93454	3.546466	4.259267	3.303299
Rasgrp3	6.831421	6.618724	6.858503	6.558524	6.65368
Rasgrp4	4.213563	4.011659	4.159924	4.034806	4.038043
Rassf1	3.03396	3.124823	3.176653	3.240505	3.268265
Rassf5	6.080812	5.89419	6.654304	6.656756	6.727591
Rb1	2.815076	2.811351	2.654692	2.691456	3.055924
Rbbp7	10.821873	10.443127	10.925846	10.366693	10.299076
Rbl1	3.623215	3.405745	3.298075	3.273459	3.739196
Rbm19	4.866628	4.392809	4.576503	4.946173	4.43013
Rbm8a	4.778165	4.626381	4.618607	4.590494	4.414348
Rbmxrt	7.528698	7.407301	8.434129	8.366332	7.460412
Rbp1	8.018375	7.961627	8.44037	9.418419	7.681631
Rcl1	10.231289	10.524507	9.731695	10.037536	8.325495
Rdh5	6.791048	7.073755	6.798959	6.908049	6.542646
Reln	3.955469	3.830349	3.693214	3.609025	3.941388
Reps1	6.286594	6.106702	6.537918	6.640827	6.051814
Rest	5.842889	5.50931	6.141158	6.332979	5.268385
Ret	3.090349	3.238277	3.357907	3.294954	3.427474
Rgl2	5.660385	5.702405	5.689246	5.87423	5.601238
Rgs14	5.75559	5.590292	5.485897	5.462444	5.815579
Rhoa	9.060693	8.964178	9.545341	9.456236	9.010599
Rhod	5.690402	5.550321	5.728609	5.748746	5.260363
Rhof	5.515687	5.483492	5.4499	5.370838	6.357982
Rhoh	3.216652	3.119116	2.981496	3.150174	3.017484
Rhoj	4.415631	4.449625	4.329339	4.431145	5.117132
Rin1	3.892125	3.695988	3.694334	3.606857	3.808568
Riok3	7.780501	7.752605	7.6494	8.006905	6.375053
Rlf	4.342993	4.071517	4.185295	4.64019	4.329013
Rnps1	6.38829	6.722237	7.005194	7.720557	5.946829
Rpl23	11.325485	11.402766	11.803464	11.921443	11.142151
Rpl27a	10.970024	10.997536	11.177544	11.56121	10.335298
Rpl4	11.45712	11.648756	11.964144	12.043326	10.844108
Rpl5	4.19596	4.345142	4.127755	4.128049	4.451897
Rpl6	10.91029	10.948014	11.292189	11.501554	10.508233
Rpl7	6.329183	6.384465	6.887124	6.438498	6.919808
Rpl8	10.345447	10.560509	10.538911	11.21751	9.572375
Rps15	10.277305	10.597572	10.512963	11.274888	9.054521
Rps27	4.874871	5.084527	5.021699	5.056072	4.921877
Rps4x	11.298652	11.318617	11.79473	11.829738	11.120402
Rps6ka1	6.378284	6.320784	6.851264	6.670538	7.123474
Rps6ka2	4.022161	3.69103	3.780024	3.620408	3.618121
Rps6ka3	4.214938	4.245822	4.061939	4.042116	4.212169
Rps6ka6	3.189545	2.976869	3.026906	3.042012	3.352236
Rps7	10.5821	10.66085	11.106366	11.643314	8.205915
Rras	7.210132	7.53503	8.505215	8.75609	7.189483
Rras2	6.850882	7.019979	7.295893	6.900023	6.69601
Rrs1	8.105687	7.775996	8.310289	8.049373	7.893034
Rxra	3.84313	3.66175	3.621282	3.538904	3.932066
Rxrb	8.03837	7.757709	7.493569	7.486748	7.339146
Rxrg	4.962644	4.918265	4.856025	5.01483	4.871095
Ryk	4.255297	4.258586	3.859812	3.655354	4.331711
Sap30	5.838861	6.021562	7.330811	6.964449	6.421018
Sdad1	5.666123	5.181846	5.843589	6.025437	4.973471
Senp3	7.897745	8.036133	8.160029	8.064762	8.089787
Senp5	4.524378	4.724288	4.717229	4.812488	4.747165
Set	10.532363	10.336324	10.862113	10.382423	10.002387
Setdb1	3.000084	2.962618	2.979415	2.939078	3.039236
Sf3a3	6.038679	6.323882	6.538746	7.004354	4.927802
Sfpi1	5.176581	5.29271	7.728107	7.981841	6.878913
Sfrs9	3.577511	3.654846	3.522935	3.633712	3.559697
Sftpb	5.818496	5.812225	5.769179	5.544956	5.93227
Shb	6.32432	6.799516	6.377827	6.750451	5.896939
Shc1	7.498426	7.396514	7.545203	7.56117	7.287856
Shc2	3.724314	3.530525	3.541088	3.374393	3.873313
Shc3	4.384515	3.925594	4.089451	3.776306	4.096591
Sin3a	6.350167	6.496118	6.301107	6.441719	6.118022
Sin3b	7.362771	6.94495	7.323615	8.069134	6.89644
Sipa1	4.965407	5.099164	5.221658	5.721309	5.4672
Sirt1	4.457265	4.442151	4.393488	4.296241	5.004934
Ski	4.801159	5.162761	5.145846	5.372596	5.254029
Skil	7.558421	7.136239	8.697658	8.426981	7.961841
Slc30a4	5.943873	5.942996	5.948472	5.988872	5.763915
Smad2	3.504339	3.101176	3.49805	2.973473	3.387066
Smad3	6.670081	6.638752	6.617633	6.51454	6.78475
Smad4	4.238778	4.210254	4.02246	4.235151	4.192178
Smad7	4.69212	4.843254	4.743186	4.704746	4.508354
Smarcd3	4.464194	4.389048	4.330082	4.303881	4.487358
Smurf2	8.440268	8.332318	8.183605	8.088006	7.535646
Snrpa1	6.501626	6.774883	7.072972	7.380786	6.464152
Snrpd1	5.265214	5.663568	6.848173	7.012242	5.719825
Snrpg	8.989059	9.077159	9.745091	9.845746	9.23892
Sod2	8.257878	8.114543	8.127477	7.801589	7.118689
Sorbs1	3.979806	3.776315	3.700132	3.607228	3.71432
Sorbs3	6.876459	6.936004	6.703977	6.576537	7.074456
Sos1	2.981519	3.104495	2.789851	3.007103	2.670731
Sos2	6.505617	6.57375	6.41424	6.884429	5.545624
Sox2	3.403312	3.279994	3.453869	3.298347	3.438567
Sp1	8.586988	8.414731	8.387713	8.694837	8.137655
Spen	4.626756	4.253987	4.406073	4.23378	4.58294
Sphk1	3.599204	3.534645	3.597676	3.553769	3.527796
Sphk2	6.555797	5.97318	5.684575	5.127924	5.550663
Spna1	3.003577	2.927688	3.17609	3.219468	4.414299
Spna2	8.028872	8.210023	8.463048	8.57024	7.434245
Spnb1	5.906938	5.778701	5.781904	5.585918	6.184496
Spnb2	9.566588	9.659798	9.936675	10.077935	9.396928
Spnb3	7.780394	7.7531	6.975777	7.063653	7.311954
Spnb4	6.573723	6.466919	6.296872	6.155914	6.767741
Spry2	4.922331	5.195995	5.135774	5.537171	5.093153
Src	4.951893	4.87764	5.32001	5.026716	5.995845
Ssb	6.835049	6.633041	7.337798	7.110784	5.774476
Ssh3	4.884026	4.70387	4.789377	4.811529	4.827723
Ssrp1	3.667052	3.525753	3.36451	3.366089	3.528377
Ssx2ip	3.159063	2.964909	2.903061	2.701782	3.011819
Stat1	6.219777	6.888644	9.844032	9.999492	9.008631
Stat5a	3.58112	3.830568	3.887633	4.623327	3.653759
Stat5b	6.112555	6.081653	5.787639	6.076368	5.18456
Stub1	7.114596	6.776698	6.886139	6.658499	6.484709
Sumo1	8.243354	8.194006	8.522463	8.033467	8.095283
Sumo2	9.689714	9.600833	10.113553	10.124042	9.41569
Sumo3	4.816402	4.850612	4.974862	4.688816	5.578026
Surf6	6.05261	5.851973	5.997749	6.036455	5.860391
Taf1b	5.153664	5.381262	5.39499	5.557215	4.70908
Tap1	3.592088	3.367833	3.458812	3.187946	3.787052
Tap2	5.741254	5.980163	7.665179	7.945638	6.326384
Tapbp	6.711646	7.171669	8.434747	9.377084	5.713276
Tars	7.736962	7.698425	7.926108	8.301141	6.264869
Tbca	10.163601	9.886511	10.15246	9.889977	9.306848
Tbk1	8.317844	8.348109	9.188346	9.112675	8.144641
Tbl1x	8.868938	8.48793	8.465397	8.42573	8.293702
Tbl1xr1	2.912647	2.866848	2.873262	2.849681	2.840817
Tbl3	2.718893	2.688652	2.684849	2.537002	2.882636
Tcea1	9.571058	9.426219	9.728804	9.613295	8.398654
Tcerg1	4.604312	4.424708	4.521531	4.495667	4.411494
Tdg	6.020202	6.203303	6.393552	6.741465	5.837615
Tec	7.234405	7.211713	6.994975	7.15852	6.616746
Tek	3.317604	3.286998	3.171484	3.172912	3.461863
Tfg	5.186506	5.251482	5.079502	5.011644	4.892217
Tgfa	4.878063	4.934212	4.867824	4.886508	4.886596
Tgfbr2	3.278803	3.169947	3.322972	3.022233	3.4191
Thra	5.811392	5.501273	5.361515	5.615712	5.57571
Tiam1	3.769662	3.331471	3.603496	3.398062	3.539414
Tjp1	7.862191	8.069862	8.059551	8.097185	7.054542
Tnfrsf8	3.879658	3.686908	3.668714	3.589621	3.968401
Tpm3	3.692612	3.678529	3.696163	3.594304	3.752384
Tpp1	10.537867	10.387195	10.770959	10.393991	9.995627
Tpr	4.881512	5.111849	5.222014	6.12754	4.44795
Trat1	3.027698	2.91093	2.951857	2.868484	2.982888
Trim28	9.198438	8.890313	8.793578	8.687883	8.621959
Trnt1	5.442901	6.206736	6.049042	6.525638	5.551448
Trp53	3.016612	2.730762	2.793235	2.726876	2.848465
Trp63	4.720735	4.540745	4.581053	4.518174	4.89536
Tsc1	3.293063	3.149487	3.305929	3.05063	3.32244
Tspan3	5.763336	6.543447	7.074116	7.323902	6.989388
Tubb5	7.372221	7.491288	8.902505	9.147198	8.340237
Txk	3.514546	3.427562	3.463718	3.598677	3.620184
Tyrobp	7.006932	7.134558	10.291948	10.65438	9.471606
Uba52	11.555277	11.525077	11.564066	11.801637	10.553573
Ubash3a	3.915502	4.003598	3.87964	3.851723	4.270827
Ubc	8.090935	8.336198	8.77393	8.010206	9.11822
Ube2i	6.248419	5.878349	5.814365	6.346411	5.659256
Ubtf	4.21628	4.169689	4.426715	4.42348	3.848581
Upp1	5.503404	5.461198	6.92478	7.621356	6.058116
Usp1	8.044908	7.906069	8.711329	8.642934	7.834388
Usp7	5.733636	5.609418	5.61593	5.382618	5.826527
Utp11l	3.316495	3.421903	3.290856	3.277885	3.25319
Utp15	4.677455	4.497342	5.168636	5.064062	4.967943
Vasp	5.368558	5.729844	7.693538	8.067779	6.1783
Vav1	3.381235	3.306611	4.531746	4.904891	4.047654
Vav2	3.49871	3.439255	3.435431	3.30078	3.246526
Vav3	2.854118	2.861134	2.847861	2.784634	2.811613
Vbp1	8.230221	8.167943	8.929782	8.52539	8.245739
Vcl	5.406082	5.522566	5.22412	5.233294	5.186715
Vdr	4.090143	4.256416	4.49674	4.495627	4.819567
Vldlr	3.534165	3.258386	3.302647	3.230709	3.530317
Wap	4.408344	4.417072	4.234287	4.282981	4.4191
Was	4.624337	4.553808	5.997719	6.079815	5.95673
Wdr12	5.558725	5.744919	5.712489	5.778694	5.168461
Wdr3	6.799905	6.727278	7.239935	7.069789	6.912523
Wdr36	7.399699	7.27678	7.238846	7.220932	7.117039
Wdr46	6.238556	6.896004	6.514446	7.180374	5.873952
Wdr48	6.025832	6.179347	6.372155	6.565395	5.44022
Xpo1	3.190374	3.051058	3.22808	3.034242	3.456909
Xrcc5	5.741553	5.807835	5.931779	5.796282	5.442266
Ywhab	10.330484	9.457277	10.653046	9.518391	10.183091
Zap70	6.240928	5.656669	5.780792	5.756816	5.921545
Zbtb16	4.338786	4.378275	4.168153	4.198666	4.309636
Zc3hc1	5.537905	5.919262	6.011058	6.118224	5.274334
Zfp472	4.031653	4.032477	4.283893	4.279478	4.097706
Zfyve9	6.34508	6.30818	5.634537	5.821397	5.700854
Zhx2	6.713452	6.53815	6.66134	6.34302	6.495488
